function Q = Q(A,E,I,L,e)
%Q
%    Q = Q(A,E,I,L,E)

%    This function was generated by the Symbolic Math Toolbox version 7.2.
%    26-Apr-2018 11:05:52

t2 = 1.0./L.^2;
t3 = e(1);
t4 = e(5);
t5 = e(3);
t6 = e(7);
t7 = E.*I.*t2.*6.0;
t8 = t3.^2;
t9 = t8.*(9.0./3.5e1);
t10 = t4.^2;
t11 = t10.*(9.0./3.5e1);
t12 = L.^2;
t13 = t5.^2;
t14 = t6.^2;
t15 = t14.*(1.0./1.4e2);
t16 = t5.*t6.*(1.0./7.0e1);
t17 = 1.0./L.^3;
t18 = 1.0./L;
t19 = E.*I.*t17.*1.2e1;
t20 = t8.*(7.2e1./3.5e1);
t21 = t10.*(7.2e1./3.5e1);
t22 = t13.*(3.0./3.5e1);
t23 = t14.*(3.0./3.5e1);
t24 = t22+t23;
t25 = t12.*t24;
t26 = t3.*t5.*(1.8e1./3.5e1);
t27 = t3.*t6.*(1.8e1./3.5e1);
t140 = t4.*t5.*(1.8e1./3.5e1);
t141 = t4.*t6.*(1.8e1./3.5e1);
t28 = t26+t27-t140-t141;
t29 = L.*t28;
t142 = t3.*t4.*(1.44e2./3.5e1);
t30 = t20+t21+t25+t29-t142;
t31 = A.*E.*t17.*t30.*(1.0./2.0);
t59 = A.*E.*t18.*(3.0./5.0);
t32 = t19+t31-t59;
t33 = e(4);
t34 = e(8);
t35 = e(2);
t36 = e(6);
t37 = t5.*t34.*(1.0./1.4e2);
t38 = t6.*t33.*(1.0./1.4e2);
t39 = t6.*t34.*(1.0./1.4e2);
t40 = t3.*t35.*(9.0./3.5e1);
t41 = t4.*t36.*(9.0./3.5e1);
t42 = t3.*t35.*2.4e1;
t43 = t4.*t36.*2.4e1;
t44 = L.*t3.*t33.*3.0;
t45 = L.*t5.*t35.*3.0;
t46 = L.*t3.*t34.*3.0;
t47 = L.*t6.*t35.*3.0;
t48 = t5.*t12.*t33;
t49 = t6.*t12.*t34;
t85 = t3.*t36.*2.4e1;
t86 = t4.*t35.*2.4e1;
t87 = L.*t5.*t36.*3.0;
t88 = L.*t4.*t33.*3.0;
t89 = L.*t4.*t34.*3.0;
t90 = L.*t6.*t36.*3.0;
t50 = t42+t43+t44+t45+t46+t47+t48+t49-t85-t86-t87-t88-t89-t90;
t51 = t35.^2;
t52 = t51.*(9.0./3.5e1);
t53 = t36.^2;
t54 = t53.*(9.0./3.5e1);
t55 = t33.^2;
t56 = t34.^2;
t57 = t56.*(1.0./1.4e2);
t58 = t33.*t34.*(1.0./7.0e1);
t60 = t51.*(7.2e1./3.5e1);
t61 = t53.*(7.2e1./3.5e1);
t62 = t55.*(3.0./3.5e1);
t63 = t56.*(3.0./3.5e1);
t64 = t62+t63;
t65 = t12.*t64;
t66 = t33.*t35.*(1.8e1./3.5e1);
t67 = t34.*t35.*(1.8e1./3.5e1);
t154 = t33.*t36.*(1.8e1./3.5e1);
t155 = t34.*t36.*(1.8e1./3.5e1);
t68 = t66+t67-t154-t155;
t69 = L.*t68;
t156 = t35.*t36.*(1.44e2./3.5e1);
t70 = t60+t61+t65+t69-t156;
t71 = A.*E.*t17.*t70.*(1.0./2.0);
t72 = t19-t59+t71;
t73 = t5.*t33.*(1.0./1.4e2);
t74 = t3.*t33.*(3.0./3.5e1);
t75 = t5.*t35.*(3.0./3.5e1);
t103 = t5.*t36.*(3.0./3.5e1);
t104 = t4.*t33.*(3.0./3.5e1);
t76 = t74+t75-t103-t104;
t77 = L.*t76;
t78 = t37+t38-t39+t73;
t79 = t12.*t78;
t80 = t3.*t34.*(3.0./3.5e1);
t81 = t6.*t35.*(3.0./3.5e1);
t144 = t4.*t34.*(3.0./3.5e1);
t145 = t6.*t36.*(3.0./3.5e1);
t82 = t80+t81-t144-t145;
t83 = L.*t82;
t105 = t3.*t36.*(9.0./3.5e1);
t106 = t4.*t35.*(9.0./3.5e1);
t84 = t40+t41+t79+t83-t105-t106;
t91 = t13.*(1.0./1.4e2);
t92 = t3.*t5.*(6.0./3.5e1);
t97 = t4.*t5.*(6.0./3.5e1);
t93 = t92-t97;
t94 = L.*t93;
t95 = t15+t16-t91;
t96 = t12.*t95;
t134 = t3.*t4.*(1.8e1./3.5e1);
t98 = t9+t11+t94+t96-t134;
t99 = A.*E.*t2.*t98.*(1.0./2.0);
t108 = A.*E.*(1.0./2.0e1);
t100 = t7+t99-t108;
t101 = t37+t38+t39-t73;
t102 = t12.*t101;
t107 = t40+t41+t77+t102-t105-t106;
t109 = t55.*(1.0./1.4e2);
t110 = t33.*t35.*(6.0./3.5e1);
t115 = t33.*t36.*(6.0./3.5e1);
t111 = t110-t115;
t112 = L.*t111;
t113 = t57+t58-t109;
t114 = t12.*t113;
t148 = t35.*t36.*(1.8e1./3.5e1);
t116 = t52+t54+t112+t114-t148;
t117 = A.*E.*t2.*t116.*(1.0./2.0);
t118 = t7-t108+t117;
t119 = A.*E.*L.*(1.0./6.0e1);
t120 = E.*I.*t18.*2.0;
t121 = E.*I.*t18.*4.0;
t122 = t3.*t33.*3.0;
t123 = t5.*t35.*3.0;
t124 = t3.*t34.*3.0;
t125 = t6.*t35.*3.0;
t126 = L.*t5.*t34.*2.0;
t127 = L.*t6.*t33.*2.0;
t173 = t5.*t36.*3.0;
t174 = t4.*t33.*3.0;
t175 = t4.*t34.*3.0;
t176 = t6.*t36.*3.0;
t177 = L.*t5.*t33.*3.0;
t178 = L.*t6.*t34.*3.0;
t128 = t122+t123+t124+t125+t126+t127-t173-t174-t175-t176-t177-t178;
t129 = t3.*t36.*3.6e1;
t130 = t4.*t35.*3.6e1;
t131 = t5.*t12.*t34.*3.0;
t132 = t6.*t12.*t33.*3.0;
t179 = t3.*t35.*3.6e1;
t180 = t4.*t36.*3.6e1;
t133 = t44+t45-t46-t47-t87-t88+t89+t90+t129+t130+t131+t132-t179-t180-t5.*t12.*t33.*2.4e1-t6.*t12.*t34.*2.0;
t135 = -t15+t16+t91;
t136 = t12.*t135;
t137 = t3.*t6.*(6.0./3.5e1);
t160 = t4.*t6.*(6.0./3.5e1);
t138 = t137-t160;
t139 = L.*t138;
t143 = t3.*t32;
t146 = A.*E.*t2.*t34.*t84.*(1.0./2.0);
t147 = A.*E.*t17.*t35.*t50.*(3.0./7.0e1);
t149 = -t57+t58+t109;
t150 = t12.*t149;
t151 = t34.*t35.*(6.0./3.5e1);
t181 = t34.*t36.*(6.0./3.5e1);
t152 = t151-t181;
t153 = L.*t152;
t157 = t35.*t72;
t158 = A.*E.*t2.*t6.*t84.*(1.0./2.0);
t159 = A.*E.*t3.*t17.*t50.*(3.0./7.0e1);
t161 = t9+t11-t134+t136+t139;
t162 = A.*E.*t2.*t161.*(1.0./2.0);
t163 = t7-t108+t162;
t164 = t3.*t5.*(1.0./7.0e1);
t165 = t3.*t6.*(1.0./7.0e1);
t166 = t164+t165-t4.*t5.*(1.0./7.0e1)-t4.*t6.*(1.0./7.0e1);
t167 = t15+t91-t5.*t6.*(1.0./1.05e2)-t18.*t166;
t168 = t119+t120-A.*E.*L.*t167.*(1.0./2.0);
t169 = t8.*1.8e1;
t170 = t10.*1.8e1;
t171 = L.*t3.*t6.*3.0;
t172 = L.*t4.*t5.*3.0;
t182 = t52+t54-t148+t150+t153;
t183 = A.*E.*t2.*t182.*(1.0./2.0);
t184 = t7-t108+t183;
t185 = t33.*t35.*(1.0./7.0e1);
t186 = t34.*t35.*(1.0./7.0e1);
t187 = t185+t186-t33.*t36.*(1.0./7.0e1)-t34.*t36.*(1.0./7.0e1);
t188 = t57+t109-t33.*t34.*(1.0./1.05e2)-t18.*t187;
t189 = t119+t120-A.*E.*L.*t188.*(1.0./2.0);
t190 = t51.*1.8e1;
t191 = t53.*1.8e1;
t192 = L.*t34.*t35.*3.0;
t193 = L.*t33.*t36.*3.0;
t194 = t5.*t12.*t33.*2.0;
t195 = t6.*t12.*t34.*2.4e1;
t196 = t44+t45-t46-t47-t87-t88+t89+t90-t129-t130-t131-t132+t179+t180+t194+t195;
Q = [t143+t146+t147-t4.*t32+t6.*(t7-A.*E.*(1.0./2.0e1)+A.*E.*t2.*(t9+t11+t136+t139-t3.*t4.*(1.8e1./3.5e1)).*(1.0./2.0))+t5.*(t7-A.*E.*(1.0./2.0e1)+A.*E.*t2.*(t9+t11+t94-t3.*t4.*(1.8e1./3.5e1)+t12.*(t13.*(-1.0./1.4e2)+t15+t16)).*(1.0./2.0))-A.*E.*t17.*t36.*t50.*(3.0./7.0e1)+A.*E.*t2.*t33.*(t40+t41+t77-t3.*t36.*(9.0./3.5e1)-t4.*t35.*(9.0./3.5e1)+t12.*(t37+t38+t39-t5.*t33.*(1.0./1.4e2))).*(1.0./2.0);t157+t158+t159-t36.*t72+t34.*(t7-A.*E.*(1.0./2.0e1)+A.*E.*t2.*(t52+t54+t150+t153-t35.*t36.*(1.8e1./3.5e1)).*(1.0./2.0))+t33.*(t7-A.*E.*(1.0./2.0e1)+A.*E.*t2.*(t52+t54+t112-t35.*t36.*(1.8e1./3.5e1)+t12.*(t55.*(-1.0./1.4e2)+t57+t58)).*(1.0./2.0))-A.*E.*t4.*t17.*t50.*(3.0./7.0e1)+A.*E.*t2.*t5.*(t40+t41+t77+t102-t3.*t36.*(9.0./3.5e1)-t4.*t35.*(9.0./3.5e1)).*(1.0./2.0);t5.*(t121-A.*E.*L.*(1.0./1.5e1)+A.*E.*t18.*(t169+t170+t171+t172-t3.*t4.*3.6e1+t12.*t13.*1.2e1+t12.*t14-L.*t3.*t5.*3.0-L.*t4.*t6.*3.0-t5.*t6.*t12.*3.0).*(1.0./4.2e2))+t3.*t100-t4.*t100+t6.*t168+A.*E.*t34.*t128.*(1.0./8.4e2)+A.*E.*t2.*t35.*t107.*(1.0./2.0)-A.*E.*t2.*t36.*t107.*(1.0./2.0)-A.*E.*t18.*t33.*t133.*(1.0./8.4e2);t33.*(t121-A.*E.*L.*(1.0./1.5e1)+A.*E.*t18.*(t190+t191+t192+t193+t12.*t55.*1.2e1+t12.*t56-t35.*t36.*3.6e1-L.*t33.*t35.*3.0-L.*t34.*t36.*3.0-t12.*t33.*t34.*3.0).*(1.0./4.2e2))+t35.*t118-t36.*t118+t34.*t189+A.*E.*t6.*t128.*(1.0./8.4e2)+A.*E.*t2.*t3.*t107.*(1.0./2.0)-A.*E.*t2.*t4.*t107.*(1.0./2.0)-A.*E.*t5.*t18.*t133.*(1.0./8.4e2);-t143-t146-t147+t4.*t32-t5.*t100-t6.*t163+A.*E.*t17.*t36.*t50.*(3.0./7.0e1)-A.*E.*t2.*t33.*t107.*(1.0./2.0);-t157-t158-t159+t36.*t72-t33.*t118-t34.*t184+A.*E.*t4.*t17.*t50.*(3.0./7.0e1)-A.*E.*t2.*t5.*t107.*(1.0./2.0);t3.*t163-t4.*t163+t5.*t168+t6.*(t121-A.*E.*L.*(1.0./1.5e1)+A.*E.*t18.*(t169+t170-t171-t172-t3.*t4.*3.6e1+t12.*t13+t12.*t14.*1.2e1+L.*t3.*t5.*3.0+L.*t4.*t6.*3.0-t5.*t6.*t12.*3.0).*(1.0./4.2e2))+A.*E.*t33.*t128.*(1.0./8.4e2)+A.*E.*t2.*t35.*t84.*(1.0./2.0)-A.*E.*t2.*t36.*t84.*(1.0./2.0)+A.*E.*t18.*t34.*t196.*(1.0./8.4e2);t35.*t184-t36.*t184+t33.*t189+t34.*(t121-A.*E.*L.*(1.0./1.5e1)+A.*E.*t18.*(t190+t191-t192-t193+t12.*t55+t12.*t56.*1.2e1-t35.*t36.*3.6e1+L.*t33.*t35.*3.0+L.*t34.*t36.*3.0-t12.*t33.*t34.*3.0).*(1.0./4.2e2))+A.*E.*t5.*t128.*(1.0./8.4e2)+A.*E.*t2.*t3.*t84.*(1.0./2.0)-A.*E.*t2.*t4.*t84.*(1.0./2.0)+A.*E.*t6.*t18.*t196.*(1.0./8.4e2)];
