function Q_gradient = Q_gradient(A,E,I,L,e)
%Q_GRADIENT
%    Q_GRADIENT = Q_GRADIENT(A,E,I,L,E)

%    This function was generated by the Symbolic Math Toolbox version 7.2.
%    26-Apr-2018 11:06:51

t2 = 1.0./L.^3;
t3 = e(1);
t4 = e(5);
t5 = e(3);
t6 = e(7);
t7 = t5.*(1.8e1./3.5e1);
t8 = t6.*(1.8e1./3.5e1);
t9 = t7+t8;
t10 = L.*t9;
t11 = t3.*(1.44e2./3.5e1);
t65 = t4.*(1.44e2./3.5e1);
t12 = t10+t11-t65;
t13 = e(4);
t14 = 1.0./L.^2;
t15 = e(8);
t16 = e(2);
t17 = t16.*(9.0./3.5e1);
t18 = e(6);
t19 = t3.*(1.8e1./3.5e1);
t20 = L.*t13.*3.0;
t21 = L.*t15.*3.0;
t22 = t16.*2.4e1;
t74 = t18.*2.4e1;
t23 = t20+t21+t22-t74;
t24 = L.^2;
t25 = t3.*(9.0./3.5e1);
t26 = L.*t5.*3.0;
t27 = L.*t6.*3.0;
t28 = t3.*2.4e1;
t91 = t4.*2.4e1;
t29 = t26+t27+t28-t91;
t30 = t3.^2;
t31 = t4.^2;
t32 = t5.^2;
t33 = t6.^2;
t34 = L.*t16.*3.0;
t35 = t13.*t24;
t100 = L.*t18.*3.0;
t36 = t34+t35-t100;
t37 = t5.*(1.0./7.0e1);
t38 = t6.*(1.0./7.0e1);
t39 = t13.*(1.0./1.4e2);
t40 = t15.*(1.0./1.4e2);
t41 = t4.*(1.8e1./3.5e1);
t42 = t19-t41;
t43 = L.*t42;
t44 = t5.*t24.*(6.0./3.5e1);
t45 = t43+t44;
t46 = L.*t3.*3.0;
t47 = t5.*t24;
t121 = L.*t4.*3.0;
t48 = t46+t47-t121;
t49 = t5.*(1.0./1.4e2);
t50 = t6.*(1.0./1.4e2);
t51 = 1.0./L;
t52 = E.*I.*t2.*1.2e1;
t53 = t30.*(7.2e1./3.5e1);
t54 = t31.*(7.2e1./3.5e1);
t55 = t32.*(3.0./3.5e1);
t56 = t33.*(3.0./3.5e1);
t57 = t55+t56;
t58 = t24.*t57;
t59 = t3.*t5.*(1.8e1./3.5e1);
t60 = t3.*t6.*(1.8e1./3.5e1);
t310 = t4.*t5.*(1.8e1./3.5e1);
t311 = t4.*t6.*(1.8e1./3.5e1);
t61 = t59+t60-t310-t311;
t62 = L.*t61;
t312 = t3.*t4.*(1.44e2./3.5e1);
t63 = t53+t54+t58+t62-t312;
t64 = A.*E.*t2.*t63.*(1.0./2.0);
t66 = A.*E.*t2.*t3.*t12.*(1.0./2.0);
t67 = L.*t13.*(3.0./3.5e1);
t71 = t18.*(9.0./3.5e1);
t68 = t17+t67-t71;
t69 = A.*E.*t13.*t14.*t68.*(1.0./2.0);
t70 = L.*t15.*(3.0./3.5e1);
t72 = L.*t5.*(6.0./3.5e1);
t73 = L.*t6.*(6.0./3.5e1);
t75 = A.*E.*t2.*t16.*t23.*(3.0./7.0e1);
t76 = t3.*t16.*2.4e1;
t77 = t4.*t18.*2.4e1;
t78 = L.*t3.*t13.*3.0;
t79 = L.*t5.*t16.*3.0;
t80 = L.*t3.*t15.*3.0;
t81 = L.*t6.*t16.*3.0;
t82 = t5.*t13.*t24;
t83 = t6.*t15.*t24;
t129 = t3.*t18.*2.4e1;
t130 = t4.*t16.*2.4e1;
t131 = L.*t5.*t18.*3.0;
t132 = L.*t4.*t13.*3.0;
t133 = L.*t4.*t15.*3.0;
t134 = L.*t6.*t18.*3.0;
t84 = t76+t77+t78+t79+t80+t81+t82+t83-t129-t130-t131-t132-t133-t134;
t85 = A.*E.*t2.*t84.*(3.0./7.0e1);
t86 = L.*t5.*(3.0./3.5e1);
t90 = t4.*(9.0./3.5e1);
t87 = t25+t86-t90;
t88 = A.*E.*t13.*t14.*t87.*(1.0./2.0);
t89 = L.*t6.*(3.0./3.5e1);
t92 = A.*E.*t2.*t16.*t29.*(3.0./7.0e1);
t93 = E.*I.*t14.*6.0;
t94 = t30.*(9.0./3.5e1);
t95 = t31.*(9.0./3.5e1);
t96 = t33.*(1.0./1.4e2);
t97 = t5.*t6.*(1.0./7.0e1);
t98 = t37+t38;
t99 = t39+t40;
t101 = t15.*t24;
t102 = t34-t100+t101;
t103 = t3.*(6.0./3.5e1);
t104 = t4.*(6.0./3.5e1);
t105 = t103-t104;
t106 = L.*t105;
t107 = t37-t38;
t108 = t16.*(3.0./3.5e1);
t109 = t18.*(3.0./3.5e1);
t110 = t108-t109;
t111 = L.*t110;
t112 = t39-t40;
t113 = t6.*t24.*(6.0./3.5e1);
t114 = t43+t113;
t115 = t5.*t15.*(1.0./1.4e2);
t116 = t6.*t13.*(1.0./1.4e2);
t117 = t6.*t15.*(1.0./1.4e2);
t118 = t3.*t16.*(9.0./3.5e1);
t119 = t4.*t18.*(9.0./3.5e1);
t120 = t49+t50;
t122 = t6.*t24;
t123 = t46-t121+t122;
t124 = t3.*(3.0./3.5e1);
t125 = t4.*(3.0./3.5e1);
t126 = t124-t125;
t127 = L.*t126;
t128 = t49-t50;
t135 = t17+t70-t71;
t136 = A.*E.*t51.*(3.0./5.0);
t137 = t13.*(1.8e1./3.5e1);
t138 = t15.*(1.8e1./3.5e1);
t139 = t137+t138;
t140 = L.*t139;
t141 = t16.*(1.44e2./3.5e1);
t178 = t18.*(1.44e2./3.5e1);
t142 = t140+t141-t178;
t143 = t25+t89-t90;
t144 = t16.*(1.8e1./3.5e1);
t145 = t5.*t13.*(1.0./1.4e2);
t146 = t3.*t13.*(3.0./3.5e1);
t147 = t5.*t16.*(3.0./3.5e1);
t215 = t5.*t18.*(3.0./3.5e1);
t216 = t4.*t13.*(3.0./3.5e1);
t148 = t146+t147-t215-t216;
t149 = L.*t148;
t150 = t24.*t112;
t151 = t16.^2;
t152 = t18.^2;
t153 = t13.^2;
t154 = t15.^2;
t155 = t13.*(1.0./7.0e1);
t156 = t15.*(1.0./7.0e1);
t157 = t24.*t128;
t158 = t18.*(1.8e1./3.5e1);
t159 = t144-t158;
t160 = L.*t159;
t161 = t13.*t24.*(6.0./3.5e1);
t162 = t160+t161;
t163 = A.*E.*t5.*t14.*t68.*(1.0./2.0);
t164 = A.*E.*t6.*t14.*t135.*(1.0./2.0);
t165 = A.*E.*t2.*t3.*t23.*(3.0./7.0e1);
t166 = t151.*(7.2e1./3.5e1);
t167 = t152.*(7.2e1./3.5e1);
t168 = t153.*(3.0./3.5e1);
t169 = t154.*(3.0./3.5e1);
t170 = t168+t169;
t171 = t24.*t170;
t172 = t13.*t16.*(1.8e1./3.5e1);
t173 = t15.*t16.*(1.8e1./3.5e1);
t348 = t13.*t18.*(1.8e1./3.5e1);
t349 = t15.*t18.*(1.8e1./3.5e1);
t174 = t172+t173-t348-t349;
t175 = L.*t174;
t350 = t16.*t18.*(1.44e2./3.5e1);
t176 = t166+t167+t171+t175-t350;
t177 = A.*E.*t2.*t176.*(1.0./2.0);
t179 = A.*E.*t2.*t16.*t142.*(1.0./2.0);
t180 = A.*E.*t5.*t14.*t87.*(1.0./2.0);
t181 = A.*E.*t6.*t14.*t143.*(1.0./2.0);
t182 = L.*t13.*(6.0./3.5e1);
t183 = L.*t15.*(6.0./3.5e1);
t184 = A.*E.*t2.*t3.*t29.*(3.0./7.0e1);
t185 = t115+t116-t117+t145;
t186 = t24.*t185;
t187 = t3.*t15.*(3.0./3.5e1);
t188 = t6.*t16.*(3.0./3.5e1);
t341 = t4.*t15.*(3.0./3.5e1);
t342 = t6.*t18.*(3.0./3.5e1);
t189 = t187+t188-t341-t342;
t190 = L.*t189;
t217 = t3.*t18.*(9.0./3.5e1);
t218 = t4.*t16.*(9.0./3.5e1);
t191 = t118+t119+t186+t190-t217-t218;
t192 = A.*E.*t14.*t191.*(1.0./2.0);
t193 = t111+t150;
t194 = t151.*(9.0./3.5e1);
t195 = t152.*(9.0./3.5e1);
t196 = t154.*(1.0./1.4e2);
t197 = t13.*t15.*(1.0./7.0e1);
t198 = t155+t156;
t199 = t16.*(6.0./3.5e1);
t200 = t18.*(6.0./3.5e1);
t201 = t199-t200;
t202 = L.*t201;
t203 = t155-t156;
t204 = t127+t157;
t205 = t15.*t24.*(6.0./3.5e1);
t206 = t160+t205;
t207 = t32.*(1.0./1.4e2);
t208 = t3.*t5.*(6.0./3.5e1);
t230 = t4.*t5.*(6.0./3.5e1);
t209 = t208-t230;
t210 = L.*t209;
t211 = A.*E.*t6.*t98.*(1.0./2.0);
t212 = t19-t41+t72;
t213 = t115+t116+t117-t145;
t214 = t24.*t213;
t219 = t3.*3.6e1;
t220 = t4.*3.6e1;
t221 = t26-t27-t219+t220;
t222 = t24.*t107;
t223 = t106-t222;
t224 = t111-t150;
t225 = t6.*t24.*3.0;
t276 = t5.*t24.*2.4e1;
t226 = t46-t121+t225-t276;
t227 = t127-t157;
t228 = t96+t97-t207;
t229 = t24.*t228;
t319 = t3.*t4.*(1.8e1./3.5e1);
t231 = t94+t95+t210+t229-t319;
t232 = A.*E.*t14.*t231.*(1.0./2.0);
t233 = t13.*3.0;
t234 = t15.*3.0;
t235 = t233+t234;
t236 = A.*E.*t15.*t235.*(1.0./8.4e2);
t237 = A.*E.*t14.*t16.*t68.*(1.0./2.0);
t238 = A.*E.*t3.*t14.*t212.*(1.0./2.0);
t239 = t16.*3.6e1;
t240 = t18.*3.6e1;
t241 = t20-t21-t239+t240;
t242 = t118+t119+t149+t214-t217-t218;
t243 = A.*E.*t14.*t242.*(1.0./2.0);
t244 = t5.*3.0;
t245 = t6.*3.0;
t246 = t244+t245;
t247 = A.*E.*t15.*t246.*(1.0./8.4e2);
t248 = A.*E.*t14.*t16.*t87.*(1.0./2.0);
t249 = t16.*3.0;
t250 = t18.*3.0;
t251 = t3.*(1.0./7.0e1);
t252 = t4.*(1.0./7.0e1);
t253 = t251-t252;
t254 = t51.*t253;
t255 = t3.*3.0;
t256 = t4.*3.0;
t257 = t6.*t24.*2.0;
t304 = t5.*t24.*3.0;
t258 = t46-t121+t257-t304;
t259 = A.*E.*(1.0./2.0e1);
t260 = t153.*(1.0./1.4e2);
t261 = t13.*t16.*(6.0./3.5e1);
t284 = t13.*t18.*(6.0./3.5e1);
t262 = t261-t284;
t263 = L.*t262;
t264 = A.*E.*t15.*t198.*(1.0./2.0);
t265 = t144-t158+t182;
t383 = L.*t15.*2.0;
t266 = t20-t249+t250-t383;
t267 = t3.*t18.*3.6e1;
t268 = t4.*t16.*3.6e1;
t269 = t5.*t15.*t24.*3.0;
t270 = t6.*t13.*t24.*3.0;
t420 = t3.*t16.*3.6e1;
t421 = t4.*t18.*3.6e1;
t271 = t78+t79-t80-t81-t131-t132+t133+t134+t267+t268+t269+t270-t420-t421-t5.*t13.*t24.*2.4e1-t6.*t15.*t24.*2.0;
t272 = t15.*t24.*3.0;
t277 = t13.*t24.*2.4e1;
t273 = t34-t100+t272-t277;
t274 = E.*I.*t51.*4.0;
t398 = L.*t6.*2.0;
t275 = t26-t255+t256-t398;
t278 = t24.*t203;
t279 = t202-t278;
t280 = A.*E.*t6.*t235.*(1.0./8.4e2);
t281 = A.*E.*t3.*t14.*t68.*(1.0./2.0);
t282 = t196+t197-t260;
t283 = t24.*t282;
t358 = t16.*t18.*(1.8e1./3.5e1);
t285 = t194+t195+t263+t283-t358;
t286 = A.*E.*t14.*t285.*(1.0./2.0);
t287 = A.*E.*t6.*t246.*(1.0./8.4e2);
t288 = A.*E.*t3.*t14.*t87.*(1.0./2.0);
t289 = A.*E.*t14.*t16.*t265.*(1.0./2.0);
t290 = t3.*t13.*3.0;
t291 = t5.*t16.*3.0;
t292 = t3.*t15.*3.0;
t293 = t6.*t16.*3.0;
t294 = L.*t5.*t15.*2.0;
t295 = L.*t6.*t13.*2.0;
t392 = t5.*t18.*3.0;
t393 = t4.*t13.*3.0;
t394 = t4.*t15.*3.0;
t395 = t6.*t18.*3.0;
t396 = L.*t5.*t13.*3.0;
t397 = L.*t6.*t15.*3.0;
t296 = t290+t291+t292+t293+t294+t295-t392-t393-t394-t395-t396-t397;
t297 = A.*E.*t296.*(1.0./8.4e2);
